0 -0.0275
50 -0.1732
100 -0.1833
150 -0.2034
200 -0.1958
250 -0.2042
300 -0.2042
350 -0.2100
400 -0.2145
450 -0.2102
500 -0.2054
550 -0.2248
600 -0.2139
650 -0.2112
700 -0.2452
750 -0.2384
800 -0.2193
850 -0.2460
900 -0.2375
950 -0.2232
1000 -0.2124
1050 -0.2361
1100 -0.2450
1150 -0.2553
1200 -0.2463
1250 -0.2402
1300 -0.2405
1350 -0.2618
1400 -0.2291
1450 -0.2238
1500 -0.2745
1550 -0.2346
1600 -0.2662
1650 -0.2668
1700 -0.2233
1750 -0.2309
1800 -0.2009
1850 -0.2418
1900 -0.2247
1950 -0.2478
2000 -0.2108
2050 -0.2194
2100 -0.2217
2150 -0.2963
2200 -0.3129
2250 -0.2852
2300 -0.3283
2350 -0.2940
2400 -0.3107
2450 -0.3358
2500 -0.3408
2550 -0.3916
2600 -0.3859
2650 -0.4071
2700 -0.4272
2750 -0.4178
2800 -0.4774
2850 -0.5027
2900 -0.5353
2950 -0.4207
3000 -0.4868
3050 -0.4960
3100 -0.4972
3150 -0.5411
3200 -0.5102
3250 -0.5817
3300 -0.5325
3350 -0.5596
3400 -0.5920
3450 -0.5640
3500 -0.5931
3550 -0.6332
3600 -0.6199
3650 -0.6295
3700 -0.6177
3750 -0.6233
3800 -0.6566
3850 -0.6310
3900 -0.6693
3950 -0.6250
4000 -0.6459
4050 -0.6905
4100 -0.6382
4150 -0.6623
4200 -0.6943
4250 -0.7124
4300 -0.6529
4350 -0.7009
4400 -0.7008
4450 -0.7462
4500 -0.7395
4550 -0.7330
4600 -0.6330
4650 -0.7241
4700 -0.6912
4750 -0.7020
4800 -0.7181
4850 -0.7173
4900 -0.7376
4950 -0.7185
5000 -0.6837
5050 -0.7759
5100 -0.7243
5150 -0.7833
5200 -0.7542
5250 -0.7676
5300 -0.7498
5350 -0.6635
5400 -0.7114
5450 -0.7152
5500 -0.7680
5550 -0.7649
5600 -0.7500
5650 -0.7640
5700 -0.7602
5750 -0.7252
5800 -0.7793
5850 -0.7862
5900 -0.7562
5950 -0.6818
6000 -0.7078
6050 -0.7524
6100 -0.7886
6150 -0.7614
6200 -0.7050
6250 -0.8023
6300 -0.8079
6350 -0.7848
6400 -0.7020
6450 -0.7628
6500 -0.7396
6550 -0.7658
6600 -0.7352
6650 -0.7689
6700 -0.8020
6750 -0.7239
6800 -0.7473
6850 -0.7797
6900 -0.7361
6950 -0.7894
7000 -0.7804
7050 -0.7899
7100 -0.8062
7150 -0.7979
7200 -0.7969
7250 -0.8165
7300 -0.8266
7350 -0.7631
7400 -0.7930
7450 -0.8071
7500 -0.7900
7550 -0.7762
7600 -0.7609
7650 -0.7842
7700 -0.7872
7750 -0.8247
7800 -0.7734
7850 -0.8194
7900 -0.8124
7950 -0.8139
8000 -0.8382
8050 -0.8319
8100 -0.8181
8150 -0.8227
8200 -0.7912
8250 -0.7925
8300 -0.7824
8350 -0.8455
8400 -0.8171
8450 -0.8011
8500 -0.8217
8550 -0.8205
8600 -0.8322
8650 -0.8147
8700 -0.8586
8750 -0.8383
8800 -0.8059
8850 -0.8203
8900 -0.8584
8950 -0.7998
9000 -0.8424
9050 -0.8174
9100 -0.7860
9150 -0.8322
9200 -0.8480
9250 -0.8497
9300 -0.8391
9350 -0.6765
9400 -0.8427
9450 -0.7834
9500 -0.8536
9550 -0.7861
9600 -0.8516
9650 -0.8648
9700 -0.8179
9750 -0.8272
9800 -0.8479
9850 -0.8171
9900 -0.8332
9950 -0.7935
10000 -0.7904
10050 -0.8301
10100 -0.8471
10150 -0.8545
10200 -0.7350
10250 -0.7757
10300 -0.7897
10350 -0.8471
10400 -0.7482
10450 -0.8123
10500 -0.8103
10550 -0.8497
10600 -0.8099
10650 -0.8211
10700 -0.8362
10750 -0.8062
10800 -0.8080
10850 -0.8482
10900 -0.8290
10950 -0.8261
11000 -0.8122
11050 -0.8255
11100 -0.7929
11150 -0.8132
11200 -0.8294
11250 -0.8059
11300 -0.8563
11350 -0.8303
11400 -0.8490
11450 -0.7938
11500 -0.8287
11550 -0.7905
11600 -0.8239
11650 -0.8335
11700 -0.8241
11750 -0.8279
11800 -0.8082
11850 -0.8309
11900 -0.8141
11950 -0.8251
12000 -0.8618
12050 -0.8041
12100 -0.8142
12150 -0.8107
12200 -0.8527
12250 -0.8524
12300 -0.7823
12350 -0.7565
12400 -0.8278
12450 -0.8199
12500 -0.8421
12550 -0.8613
12600 -0.8760
12650 -0.8530
12700 -0.8467
12750 -0.8258
12800 -0.8435
12850 -0.8043
12900 -0.7673
12950 -0.8254
13000 -0.8313
13050 -0.8117
13100 -0.8187
13150 -0.8705
13200 -0.8048
13250 -0.8345
13300 -0.7965
13350 -0.7974
13400 -0.8766
13450 -0.8115
13500 -0.8534
13550 -0.8113
13600 -0.7994
13650 -0.8339
13700 -0.7636
13750 -0.8131
13800 -0.8436
13850 -0.8421
13900 -0.8041
13950 -0.7752
14000 -0.8437
14050 -0.8494
14100 -0.8394
14150 -0.8317
14200 -0.7802
14250 -0.8454
14300 -0.8192
14350 -0.8210
14400 -0.8468
14450 -0.8230
14500 -0.8507
14550 -0.8494
14600 -0.8190
14650 -0.8525
14700 -0.8541
14750 -0.8433
14800 -0.8616
14850 -0.8533
14900 -0.8431
14950 -0.8290
15000 -0.8349
15050 -0.8526
15100 -0.8244
15150 -0.8609
15200 -0.8312
15250 -0.8255
15300 -0.8486
15350 -0.8616
15400 -0.8165
15450 -0.8514
15500 -0.8427
15550 -0.8557
15600 -0.8099
15650 -0.8646
15700 -0.8399
15750 -0.8703
15800 -0.8593
15850 -0.8367
15900 -0.8751
15950 -0.8797
16000 -0.8809
16050 -0.8365
16100 -0.8424
16150 -0.8530
16200 -0.8511
16250 -0.8012
16300 -0.8565
16350 -0.8526
16400 -0.8401
16450 -0.7992
16500 -0.8366
16550 -0.8070
16600 -0.8396
16650 -0.8260
16700 -0.8489
16750 -0.8366
16800 -0.8108
16850 -0.8699
16900 -0.8530
16950 -0.8446
17000 -0.8385
17050 -0.8469
17100 -0.8861
17150 -0.8491
17200 -0.8582
17250 -0.8264
17300 -0.8585
17350 -0.8610
17400 -0.8443
17450 -0.8109
17500 -0.8552
17550 -0.8388
17600 -0.8591
17650 -0.8488
17700 -0.8710
17750 -0.7667
17800 -0.8162
17850 -0.8388
17900 -0.8756
17950 -0.8642
18000 -0.7918
18050 -0.8335
18100 -0.8484
18150 -0.8764
18200 -0.8338
18250 -0.8511
18300 -0.8520
18350 -0.8614
18400 -0.8779
18450 -0.8224
18500 -0.8552
18550 -0.8483
18600 -0.8589
18650 -0.8600
18700 -0.8139
18750 -0.8420
18800 -0.8618
18850 -0.8771
18900 -0.8849
18950 -0.8235
19000 -0.8635
19050 -0.8523
19100 -0.8684
19150 -0.7678
19200 -0.8343
19250 -0.8526
19300 -0.8210
19350 -0.8436
19400 -0.8612
19450 -0.8483
19500 -0.8264
19550 -0.8358
19600 -0.8387
19650 -0.8968
19700 -0.8320
19750 -0.8582
19800 -0.8728
19850 -0.8715
19900 -0.8536
19950 -0.8602
